0 -4659.703739
1 -1008.174565
2 -1254.267159
3 0.000000
4 -421.399952
5 -508.113463
6 -696.681098
7 -91.060833
8 -382.188543
9 -236.605712
10 33.645605
11 -358.810771
12 64.292435
13 111.692037
14 -60.066256
15 -381.000471
16 -135.219685
17 0.000000
18 -34.631737
19 -265.296295
20 146.481949
21 10.000000
22 113.382329
23 -226.052855
24 -76.659416
25 -454.297200
26 116.858287
27 -169.429023
28 19.000000
29 130.021840
30 33.866035
31 -86.052576
32 78.687336
33 216.645454
34 -400.262798
35 63.349816
36 136.466974
37 211.256566
38 -252.014073
39 177.477717
40 -42.218156
41 -3.455837
42 85.459370
43 247.962832
44 236.174019
45 246.266785
46 -201.962203
47 235.924982
48 -27.343489
49 255.848942
50 277.803972
51 281.732109
52 0.000000
53 60.867483
54 283.794660
55 291.447930
56 274.162614
57 179.287605
58 -67.827089
59 99.695675
60 275.412029
61 301.755787
62 236.556850
63 131.614604
64 316.130902
65 321.680682
66 304.644964
67 319.485298
68 326.107284
69 331.610067
70 311.781966
71 229.930172
72 140.877021
73 328.796116
74 37.237445
75 345.231420
76 344.868739
77 348.214602
78 99.958890
79 178.638512
80 352.182050
81 178.026338
82 281.592090
83 280.366606
84 -11.936807
85 349.869270
86 351.478988
87 337.646809
88 363.267131
89 192.557775
90 358.092465
91 372.433741
92 237.663932
93 275.467928
94 296.036641
95 299.202035
96 370.058258
97 379.220036
98 291.965128
99 379.651907
100 339.082263
101 379.493333
102 384.379551
103 381.408893
104 383.031277
105 263.911686
106 334.945914
107 381.880342
108 237.395068
109 296.078610
110 381.998989
111 293.013159
112 328.656372
113 10.000000
114 342.402947
115 323.027310
116 378.230903
117 351.636407
118 396.053193
119 372.062393
120 394.801472
121 107.138301
122 321.451201
123 357.484521
124 185.214689
125 400.577779
126 19.700000
127 289.832125
128 371.144489
129 401.049667
130 375.944661
131 107.728792
132 331.786245
133 387.561346
134 296.084479
135 351.853337
136 306.953934
137 410.090454
138 390.965991
139 327.778212
140 329.038659
141 392.403153
142 409.376878
143 410.438160
144 114.856032
145 403.529654
146 355.771300
147 411.193186
148 380.112223
149 413.606960
150 403.587629
151 383.905092
152 295.480713
153 381.111615
154 0.000000
155 198.272514
156 408.049618
157 327.917822
158 401.161112
159 415.067497
160 339.917931
161 411.914671
162 410.562766
163 412.583238
164 190.817496
165 379.204947
166 361.720745
167 412.702113
168 414.689597
169 415.549693
170 417.920718
171 385.060352
172 388.508821
173 380.617845
174 406.187671
175 410.422155
176 406.371158
177 410.897192
178 300.667961
179 341.778687
180 418.153527
181 419.798010
182 375.478874
183 419.462553
184 416.922777
185 335.296438
186 420.521001
187 272.274972
188 357.923206
189 366.454897
190 358.686753
191 423.307871
192 417.557657
193 395.176755
194 417.687874
195 380.389359
196 397.345007
197 331.786063
198 417.442235
199 411.384618
200 420.316671
201 421.857575
202 422.024029
203 352.533851
204 417.824502
205 332.028561
206 312.607549
207 418.141886
208 399.483336
209 384.048790
210 408.196685
211 368.952787
212 356.219238
213 368.653824
214 419.677257
215 417.584962
216 355.127787
217 394.605556
218 368.169909
219 385.341961
220 426.293287
221 361.569953
222 422.980338
223 426.393143
224 393.872900
225 337.897606
226 423.920257
227 409.232716
228 412.762029
229 402.129594
230 409.454933
231 423.448688
232 384.851511
233 391.688317
234 407.844725
235 410.184076
236 392.617775
237 412.764306
238 402.853042
239 107.900000
240 414.095791
241 420.220886
242 408.207056
243 397.749930
244 423.857454
245 418.403221
246 246.310205
247 421.705667
248 304.082094
249 409.344215
250 424.922262
251 414.345569
252 419.475397
253 425.795791
254 417.338369
255 411.084120
256 357.968534
257 357.445420
258 339.495535
259 418.879962
260 419.058406
261 0.000000
262 382.943585
263 410.932304
264 419.926864
265 421.148147
266 374.568948
267 417.721080
268 380.205249
269 428.735188
270 394.571280
271 415.224158
272 121.270472
273 195.855865
274 420.760769
275 418.931276
276 415.101617
277 423.836727
278 420.839749
279 424.885164
280 426.199278
281 396.277420
282 415.999783
283 381.583742
284 425.269275
285 424.099780
286 250.675185
287 342.455510
288 424.238539
289 418.530318
290 379.899489
291 418.968890
292 425.942451
293 407.541723
294 423.298208
295 426.259618
296 421.011991
297 425.031586
298 289.960000
299 425.921551
300 402.940344
301 422.323208
302 334.346559
303 409.535418
304 420.351722
305 427.219197
306 422.731250
307 306.269139
308 381.271495
309 426.625716
310 419.564069
311 389.573096
312 412.869349
313 416.694747
314 420.216890
315 402.295658
316 405.317684
317 423.939334
318 342.892527
319 420.719718
320 344.340714
321 341.770968
322 424.305893
323 308.067743
324 417.644930
325 424.103260
326 427.782044
327 409.511984
328 385.014716
329 374.205854
330 418.809106
331 424.899380
332 418.486510
333 417.165045
334 418.212715
335 411.545581
336 411.044432
337 422.375083
338 414.813470
339 379.899519
340 359.690887
341 426.358185
342 404.408510
343 0.000000
344 29.150000
345 422.585427
346 422.853370
347 423.666036
348 419.236015
349 425.142584
350 424.090739
351 397.128442
352 423.546166
353 34.390000
354 424.735463
355 427.900723
356 179.000000
357 310.057768
358 419.174030
359 423.000027
360 43.602200
361 416.364993
362 295.484035
363 0.000000
364 430.265774
365 419.640277
366 424.192831
367 423.262478
368 409.484046
369 378.407690
370 313.727895
371 409.535690
372 427.979286
373 415.718920
374 425.046700
375 426.142246
376 428.147906
377 425.613089
378 427.092698
379 336.649344
380 417.927480
381 418.270354
382 420.334083
383 420.961255
384 419.552558
385 420.161763
386 430.849972
387 425.532202
388 418.121960
389 422.703566
390 408.945883
391 418.188597
392 409.535692
393 427.246178
394 0.000000
395 425.381128
396 426.933658
397 423.663874
398 428.900956
399 179.000000
400 425.572999
401 426.795946
402 420.271812
403 426.767700
404 395.255388
405 416.722193
406 425.093294
407 415.055671
408 299.673222
409 422.600449
410 100.000000
411 428.800363
412 426.117644
413 428.321654
414 425.678455
415 424.902810
416 427.112811
417 396.919616
418 419.439616
419 315.111816
420 428.862548
421 429.025626
422 423.897369
423 421.151086
424 423.232658
425 420.967679
426 417.433681
427 396.919616
428 427.536269
429 420.503777
430 419.722476
431 419.276545
432 419.906358
433 184.884498
434 395.250678
435 424.773830
436 427.451014
437 422.505948
438 422.797023
439 426.634342
440 422.158274
441 386.338349
442 427.927384
443 421.132630
444 420.098806
445 52.418060
446 387.546399
447 327.968000
448 338.721849
449 426.159008
450 417.631388
451 427.043162
452 425.439755
453 428.239360
454 421.582953
455 427.902550
456 418.914099
457 345.644083
458 426.646138
459 419.314175
460 179.000000
461 430.523964
462 419.814342
463 403.136094
464 414.751056
465 425.364510
466 421.123268
467 418.412736
468 361.711750
469 428.158493
470 420.415574
471 379.899520
472 420.375925
473 425.911228
474 420.347251
475 428.107074
476 428.766166
477 424.082082
478 427.683312
479 390.089003
480 420.831505
481 421.946536
482 419.163728
483 424.568492
484 419.285819
485 420.888310
486 428.172348
487 426.007922
488 431.142910
489 429.094296
490 411.291577
491 421.339599
492 428.769206
493 418.538221
494 396.679179
495 380.044619
496 401.311451
497 417.839301
498 426.473592
499 107.900000
500 420.320729
501 422.331238
502 347.060621
503 430.225578
504 424.967034
505 418.886516
506 427.307154
507 429.110685
508 425.326371
509 360.161695
510 396.919616
511 407.306422
512 426.595844
513 426.016624
514 423.749731
515 417.405400
516 334.563963
517 241.200000
518 417.016430
519 424.615870
520 425.391866
521 425.154826
522 427.781975
523 427.771577
524 314.911441
525 425.927838
526 0.000000
527 424.865337
528 428.873706
529 421.331683
530 426.918487
531 422.896686
532 327.968000
533 430.676746
534 419.241672
535 429.662614
536 426.975912
537 386.850397
538 418.628554
539 424.783252
540 127.043425
541 427.077246
542 417.942756
543 316.217097
544 410.115242
545 425.412006
546 409.262291
547 428.062750
548 423.816164
549 418.351441
550 289.960000
551 431.274332
552 421.643834
553 420.924330
554 428.233691
555 421.949938
556 425.685962
557 418.547917
558 428.675087
559 415.585020
560 427.758520
561 362.135478
562 427.404517
563 424.556256
564 430.666285
565 363.846853
566 418.752421
567 55.818782
568 425.092459
569 430.935167
570 381.732119
571 420.011823
572 427.737887
573 115.010000
574 289.960000
575 430.901052
576 425.474447
577 428.622516
578 388.444055
579 422.764535
580 412.155077
581 429.358442
582 431.002363
583 427.873865
584 422.083293
585 415.210332
586 429.735140
587 349.135398
588 319.282807
589 425.879505
590 321.158428
591 425.431909
592 399.555099
593 429.544578
594 422.567125
595 428.096709
596 100.000000
597 424.590330
598 431.126317
599 420.579210
600 289.960000
601 419.025823
602 431.021949
603 408.707630
604 427.778436
605 419.059935
606 423.016126
607 419.546894
608 428.171503
609 0.000000
610 424.917248
611 428.264216
612 419.885468
613 115.010000
614 426.943429
615 427.379311
616 421.880577
617 423.139477
618 420.950465
619 415.812285
620 431.129165
621 428.922192
622 425.023524
623 324.018567
624 428.921514
625 324.204753
626 426.176974
627 428.632959
628 422.770132
629 245.425866
630 416.114663
631 425.188685
632 420.312011
633 327.508345
634 56.953279
635 421.251515
636 360.137270
637 302.502699
638 426.865570
639 179.000000
640 428.349245
641 364.558180
642 408.650894
643 420.089403
644 427.353219
645 425.531571
646 422.979431
647 121.409000
648 425.732707
649 429.094271
650 427.565265
651 418.210073
652 421.645458
653 241.200000
654 428.114476
655 426.141052
656 420.651387
657 349.661521
658 340.587104
659 423.479350
660 417.805072
661 420.722658
662 424.633421
663 421.862775
664 410.161538
665 422.401838
666 429.055133
667 428.477032
668 430.503762
669 428.833034
670 422.402992
671 421.122883
672 367.441907
673 422.982534
674 418.514849
675 428.481670
676 200.390278
677 429.238556
678 429.762635
679 429.936574
680 428.825421
681 416.070931
682 61.257951
683 425.562044
684 422.534624
685 431.117343
686 428.756980
687 428.922009
688 428.670051
689 428.416832
690 428.884378
691 428.315230
692 427.628403
693 429.735721
694 423.297578
695 383.250869
696 428.949669
697 426.105338
698 427.858520
699 428.536405
700 421.356620
701 427.957866
702 426.821823
703 396.919616
704 425.137382
705 132.239083
706 422.822643
707 427.661689
708 430.721819
709 426.810858
710 428.688936
711 423.032012
712 408.797487
713 425.909337
714 423.776112
715 423.190265
716 420.107347
717 420.012032
718 419.315292
719 420.384938
720 429.048619
721 430.905034
722 422.486725
723 426.270910
724 429.804455
725 418.021197
726 427.113215
727 418.638765
728 389.945834
729 325.810183
730 121.409000
731 424.902843
732 429.650414
733 428.250221
734 65.132156
735 424.080095
736 429.323798
737 426.505308
738 428.922182
739 417.725437
740 429.287433
741 421.222475
742 429.928866
743 428.604322
744 429.251108
745 420.423200
746 428.965669
747 423.334340
748 429.944947
749 424.105720
750 73.558513
751 427.492072
752 424.992858
753 0.000000
754 416.795989
755 424.223904
756 416.721341
757 428.169999
758 428.755449
759 417.539491
760 419.679083
761 426.011306
762 427.878988
763 429.614455
764 427.982308
765 430.826266
766 418.275826
767 423.224807
768 409.914151
769 424.308627
770 410.785591
771 421.011573
772 426.585983
773 431.198979
774 396.683419
775 408.438636
776 426.225249
777 423.592808
778 428.268037
779 427.781366
780 430.963120
781 427.756275
782 425.528960
783 429.065016
784 426.962533
785 411.049576
786 420.529054
787 431.215623
788 422.963685
789 428.762075
790 430.149760
791 420.879498
792 425.592399
793 430.892177
794 427.250096
795 397.968646
796 430.916741
797 429.764524
798 428.021069
799 425.898067
800 428.182337
801 424.489216
802 428.332857
803 429.075740
804 328.340495
805 426.883434
806 427.218192
807 430.835445
808 362.113495
809 425.870642
810 431.047547
811 429.336570
812 352.001209
813 389.998645
814 420.750386
815 426.175805
816 428.989583
817 424.902800
818 179.000000
819 424.669070
820 428.285890
821 410.198918
822 430.164566
823 423.006390
824 431.270395
825 426.969305
826 426.009593
827 427.515678
828 353.139449
829 351.140429
830 190.516048
831 423.399965
832 418.938528
833 426.249254
834 80.430186
835 430.281288
836 427.439374
837 430.976347
838 424.452703
839 204.471250
840 368.244532
841 0.000000
842 428.819305
843 353.736775
844 409.457627
845 431.133938
846 427.259914
847 430.123951
848 384.617743
849 428.478986
850 418.128407
851 425.385800
852 431.031253
853 382.836314
854 427.230923
855 429.556794
856 424.867616
857 327.968000
858 418.966992
859 424.125754
860 428.632409
861 431.009960
862 357.374400
863 423.801526
864 342.265834
865 424.719867
866 423.801636
867 425.067501
868 421.592641
869 421.078560
870 245.787612
871 411.807474
872 431.347569
873 416.954122
874 298.732431
875 429.316716
876 429.255247
877 424.902825
878 241.200000
879 27.100000
880 427.705213
881 429.732368
882 427.493300
883 422.118777
884 34.390000
885 429.188909
886 428.097293
887 424.605406
888 430.242998
889 396.848683
890 356.219312
891 422.305239
892 427.624649
893 427.877892
894 428.017305
895 426.089846
896 419.534959
897 418.904855
898 429.541379
899 419.101497
900 426.580477
901 426.186509
902 419.387752
903 391.400097
904 426.677560
905 431.032087
906 421.139055
907 431.875993
908 421.009662
909 429.703781
910 426.999615
911 352.829835
912 420.912707
913 427.473548
914 426.431123
915 357.374400
916 425.006679
917 428.795705
918 427.121438
919 241.200000
920 358.678224
921 428.517271
922 426.544622
923 430.611968
924 425.212729
925 363.530527
926 431.235211
927 425.470988
928 431.422126
929 423.131091
930 0.000000
931 425.326362
932 0.000000
933 424.313700
934 430.427079
935 431.005300
936 427.169390
937 208.144125
938 429.778412
939 431.124396
940 421.064564
941 82.066905
942 369.322422
943 426.433850
944 431.508117
945 426.576663
946 424.793457
947 357.374400
948 428.922275
949 423.605550
950 431.137816
951 431.137742
952 421.778443
953 87.995659
954 409.535693
955 430.475931
956 428.541295
957 427.304734
958 429.171335
959 353.693302
960 427.113610
961 254.603666
962 426.378282
963 426.920823
964 416.619087
965 429.510195
966 431.334632
967 421.781916
968 424.705702
969 428.688770
970 426.200488
971 329.079013
972 423.347183
973 241.200000
974 425.535493
975 427.294477
976 421.662146
977 428.458487
978 422.210746
979 427.964811
980 428.282349
981 241.200000
982 429.983499
983 417.447462
984 429.034882
985 429.955133
986 425.413399
987 428.933827
988 397.964831
989 427.522339
990 331.345053
991 425.635468
992 431.486215
993 422.024111
994 95.265950
995 428.269170
996 425.764287
997 431.137773
998 428.972953
999 422.331101
